pts_time:10.066667
pts_time:11.333333
